0    | 0 0 0 0 | 0 | 0 | 0 | 
1    | 0 0 0 1 | 1 | 1 | 1 |
12   | 0 0 1 0 | 1 | 1 | 1 |
13   | 0 0 1 1 | 1 | 1 | 1 |
14   | 0 1 0 0 | 1 | 1 | 1 |
123  | 0 1 0 1 | 1 | 1 | 1 |
124  | 0 1 1 0 | 1 | 1 | 1 |
134  | 0 1 1 1 | 1 | 1 | 1 |
1234 | 1 0 0 0 | 1 | 1 | 1 |
2    | 1 0 0 1 | 0 | 1 | 0 |
23   | 1 0 1 0 | 0 | 1 | 0 |
24   | 1 0 1 1 | 0 | 1 | 1 |
234  | 1 1 0 0 | 0 | 1 | 1 |
3    | 1 1 0 1 | 0 | 0 | 0 |
34   | 1 1 1 0 | 0 | 0 | 1 |
4    | 1 1 1 1 | 0 | 0 | 1 |

!a*!b*!c*d + !a*!b*c*!d + !a*!b*c*d + !a*!b*!c*d
(! a * ! b * c) + (! a * ! b * d)

(F (c && X (F (o)))) && (G (!d))